1734407744460 0.005230180453509092 0
1734407744461 0.0035278350114822388 1
1734407744462 0.002450721338391304 2
1734407744463 0.002019433304667473 3
1734407744464 0.0018485118634998798 4
1734407744465 0.001698918640613556 5
1734407744466 0.0015536107821390033 6
1734407744467 0.0015373841160908341 7
1734407744468 0.0014376913895830512 8
1734407744470 0.0013771839439868927 9
1734407744471 0.0013176725478842854 10
1734407744472 0.0012574739521369338 11
1734407744473 0.0012542937183752656 12
1734407744474 0.0012892624363303185 13
1734407744475 0.0011616065166890621 14
1734407744476 0.0011305897496640682 15
1734407744477 0.0010768702486529946 16
1734407744478 0.0010610856115818024 17
