1734407744479 0.04493444785475731 0
1734407744481 0.03421430662274361 1
1734407744482 0.028823863714933395 2
1734407744483 0.02665533311665058 3
1734407744484 0.024685533717274666 4
1734407744485 0.022830191999673843 5
1734407744486 0.02124684303998947 6
1734407744487 0.02054397203028202 7
1734407744488 0.019581303000450134 8
1734407744489 0.01903107576072216 9
1734407744490 0.01831071637570858 10
1734407744491 0.017672590911388397 11
1734407744492 0.01797390729188919 12
1734407744494 0.018109116703271866 13
1734407744495 0.017220107838511467 14
1734407744496 0.016646508127450943 15
1734407744497 0.01645818166434765 16
1734407744498 0.016085971146821976 17
