1734407408763 0.005254675634205341 0
1734407408765 0.0024548599030822515 1
1734407408766 0.0021199234761297703 2
1734407408768 0.001897145644761622 3
1734407408769 0.0016832951223477721 4
1734407408771 0.0016354109393432736 5
1734407408773 0.0016048818361014128 6
1734407408774 0.0014065351570025086 7
1734407408776 0.0014850629959255457 8
1734407408777 0.001428058953024447 9
1734407408778 0.0013301132712513208 10
1734407408779 0.0012340063694864511 11
1734407408780 0.0012717097997665405 12
1734407408782 0.001277142553590238 13
1734407408783 0.0013578643556684256 14
