1734407408784 0.04089457541704178 0
1734407408785 0.029687080532312393 1
1734407408786 0.025169717147946358 2
1734407408788 0.023632708936929703 3
1734407408789 0.021724052727222443 4
1734407408790 0.021884283050894737 5
1734407408791 0.021404381841421127 6
1734407408792 0.02052723802626133 7
1734407408793 0.020637480542063713 8
1734407408794 0.020663853734731674 9
1734407408795 0.0195546243339777 10
1734407408796 0.019436096772551537 11
1734407408797 0.019440997391939163 12
1734407408799 0.019446533173322678 13
1734407408800 0.02060619927942753 14
