1734350436216 0.02418549917638302 0
1734350436217 0.0007282336009666324 1
1734350436218 0.00049449666403234 2
1734350436219 0.00044382360647432506 3
1734350436220 0.0003955760912504047 4
1734350436221 0.0003662130329757929 5
1734350436222 0.00034831120865419507 6
1734350436224 0.00033147906651720405 7
1734350436225 0.00032593734795227647 8
1734350436226 0.0003134271828457713 9
1734350436227 0.000299185689073056 10
1734350436228 0.00030613422859460115 11
1734350436229 0.00028649793239310384 12
1734350436230 0.0002764523378573358 13
1734350436231 0.00026881700614467263 14
1734350436232 0.00026294245617464185 15
1734350436233 0.0002588282513897866 16
1734350436234 0.00024905690224841237 17
1734350436235 0.00024881763965822756 18
1734350436236 0.00022987453849054873 19
1734350436237 0.0002208578516729176 20
1734350436238 0.0002116528048645705 21
1734350436240 0.00021043354354333133 22
1734350436241 0.00020756137382704765 23
1734350436242 0.00019525267998687923 24
1734350436243 0.00019686607993207872 25
1734350436243 0.00018943115719594061 26
1734350436244 0.00018813478527590632 27
1734350436245 0.0001748548384057358 28
1734350436247 0.00017093625501729548 29
1734350436248 0.00018610012193676084 30
1734350436249 0.00017391765140928328 31
1734350436250 0.00016925153613556176 32
1734350436251 0.00015657511539757252 33
1734350436253 0.00015175506996456534 34
1734350436254 0.00014647880743723363 35
1734350436255 0.00014632780221290886 36
1734350436256 0.00014017078501638025 37
1734350436257 0.0001376353611703962 38
1734350436258 0.0001407752715749666 39
1734350436259 0.00014240670134313405 40
1734350436260 0.00013188330922275782 41
1734350436261 0.00012920475273858756 42
1734350436262 0.00012258367496542633 43
1734350436263 0.0001184272623504512 44
1734350436264 0.0001129541706177406 45
1734350436266 0.0001095401676138863 46
1734350436267 0.00010938609921140596 47
1734350436268 0.00010732466034824029 48
1734350436269 0.00010438529716338962 49
1734350436270 0.0001070741200237535 50
1734350436271 0.00010374550038250163 51
1734350436272 0.00011277908197371289 52
1734350436273 0.00010988964641001076 53
1734350436274 9.360449621453881e-05 54
1734350436275 9.169834811473265e-05 55
1734350436276 9.172646969091147e-05 56
1734350436276 9.30524620343931e-05 57
1734350436278 9.28586014197208e-05 58
1734350436279 0.00010461584315635264 59
1734350436280 8.779932250035927e-05 60
1734350436281 8.436146163148805e-05 61
1734350436282 9.26929569686763e-05 62
1734350436283 8.467181032756343e-05 63
1734350436284 8.096934470813721e-05 64
1734350436285 7.861420453991741e-05 65
1734350436286 8.875677303876728e-05 66
1734350436287 7.724008173681796e-05 67
1734350436288 7.352078682743013e-05 68
1734350436289 7.63578646001406e-05 69
1734350436290 7.570553862024099e-05 70
1734350436291 7.92505161371082e-05 71
1734350436292 7.001686026342213e-05 72
1734350436294 7.269293564604595e-05 73
1734350436295 7.773827383061871e-05 74
1734350436296 7.123310933820903e-05 75
1734350436297 7.055360038066283e-05 76
1734350436298 7.810985698597506e-05 77
1734350436299 7.129446021281183e-05 78
1734350436300 6.801654672017321e-05 79
1734350436301 6.43398379907012e-05 80
1734350436302 6.980866601224989e-05 81
1734350436303 7.507650298066437e-05 82
1734350436304 6.802742427680641e-05 83
1734350436305 6.959991878829896e-05 84
1734350436306 6.67217536829412e-05 85
1734350436307 6.320101238088682e-05 86
1734350436308 6.430302892113104e-05 87
1734350436309 6.666374974884093e-05 88
1734350436310 6.641972868237644e-05 89
1734350436311 6.529082747874781e-05 90
1734350436312 7.08151055732742e-05 91
1734350436313 6.316911458270624e-05 92
1734350436314 6.1028906202409416e-05 93
1734350436315 6.349928298732266e-05 94
1734350436317 6.166914681671187e-05 95
1734350436318 5.9436275478219613e-05 96
1734350436319 6.132849375717342e-05 97
1734350436320 6.0332080465741456e-05 98
1734350436321 5.8272598835173994e-05 99
