1734405881251 0.02686695009469986 0
1734405881252 0.019219325855374336 1
1734405881253 0.013520904816687107 2
1734405881254 0.012385181151330471 3
1734405881255 0.010423879139125347 4
1734405881256 0.010181148536503315 5
1734405881257 0.01088841911405325 6
1734405881258 0.010002108290791512 7
1734405881259 0.009487847797572613 8
1734405881260 0.009905709885060787 9
1734405881261 0.009145522490143776 10
1734405881262 0.009838678874075413 11
1734405881263 0.009490515105426311 12
1734405881264 0.008876213803887367 13
1734405881265 0.009046548046171665 14
