1734405881234 0.002553903730586171 0
1734405881235 0.0013469407567754388 1
1734405881236 0.00099957175552845 2
1734405881237 0.0009098383598029613 3
1734405881239 0.0007195014622993767 4
1734405881240 0.0006599179469048977 5
1734405881241 0.0006597525207325816 6
1734405881242 0.000570506090298295 7
1734405881243 0.0005070102051831782 8
1734405881244 0.0005238262237980962 9
1734405881245 0.0004392634145915508 10
1734405881246 0.000493632978759706 11
1734405881247 0.00043199482024647295 12
1734405881248 0.00038814995787106454 13
1734405881249 0.0003913859836757183 14
