1734406936487 0.036163367331027985 0
1734406936488 0.025372102856636047 1
1734406936489 0.020844800397753716 2
1734406936490 0.018397381529211998 3
1734406936491 0.016932331025600433 4
1734406936492 0.017070375382900238 5
1734406936493 0.015981798991560936 6
1734406936494 0.01651003211736679 7
1734406936496 0.015200494788587093 8
1734406936497 0.015979133546352386 9
1734406936498 0.014984071254730225 10
1734406936499 0.014882586896419525 11
1734406936500 0.014791449531912804 12
1734406936501 0.014582461677491665 13
