1734406936471 0.0038978916127234697 0
1734406936472 0.0018888844642788172 1
1734406936473 0.0015059750294312835 2
1734406936474 0.001306089572608471 3
1734406936475 0.0011325186351314187 4
1734406936476 0.0010853726416826248 5
1734406936478 0.0009786512237042189 6
1734406936479 0.0009713159524835646 7
1734406936480 0.0008281056652776897 8
1734406936481 0.0008687037043273449 9
1734406936482 0.0008040306274779141 10
1734406936483 0.0007291411748155951 11
1734406936484 0.0007276004180312157 12
1734406936486 0.0007007219828665257 13
