1734350968238 0.016503416001796722 0
1734350968239 0.0006253548781387508 1
1734350968240 0.0003332649066578597 2
1734350968241 0.0003212501760572195 3
1734350968242 0.0003190804272890091 4
1734350968243 0.00030211915145628154 5
1734350968244 0.00029156633536331356 6
1734350968245 0.0002853572368621826 7
1734350968246 0.00029248607461340725 8
1734350968248 0.00027392126503400505 9
1734350968249 0.00026178063126280904 10
1734350968250 0.0002587214403320104 11
1734350968251 0.00024705962277948856 12
1734350968252 0.00024035046226345003 13
1734350968253 0.00024858053075149655 14
1734350968254 0.00022449690732173622 15
1734350968255 0.00021496338013093919 16
1734350968256 0.00022236726363189518 17
1734350968257 0.00020659696019720286 18
1734350968258 0.0001990600285353139 19
1734350968259 0.0001869450497906655 20
1734350968261 0.00018382689449936152 21
1734350968262 0.000176372064743191 22
1734350968263 0.00018097228894475847 23
1734350968264 0.00016473251162096858 24
1734350968265 0.00016445887740701437 25
1734350968266 0.0001576316135469824 26
1734350968267 0.00014825530524831265 27
1734350968268 0.0001444802910555154 28
1734350968269 0.00014722732885275036 29
1734350968270 0.00014250812819227576 30
1734350968271 0.0001338600559392944 31
1734350968272 0.00013441611372400075 32
1734350968273 0.00013255378871690482 33
1734350968274 0.0001421162742190063 34
1734350968275 0.00011913227353943512 35
1734350968276 0.0001165149369626306 36
1734350968277 0.00011391490261303261 37
1734350968278 0.00012028927449136972 38
1734350968279 0.00011183760216226801 39
1734350968280 0.00010807878425111994 40
1734350968281 0.00010535373439779505 41
1734350968282 0.00010513389861444011 42
1734350968283 0.00010656823724275455 43
1734350968284 0.00010289766942150891 44
1734350968285 9.876568947220221e-05 45
1734350968286 0.0001050554565154016 46
1734350968287 9.763649723026901e-05 47
1734350968288 9.554708958603442e-05 48
1734350968289 9.788663737708703e-05 49
1734350968290 0.00010103717795573175 50
1734350968291 9.292057802667841e-05 51
1734350968292 0.00010135040065506473 52
1734350968293 9.66074294410646e-05 53
1734350968295 9.072222746908665e-05 54
1734350968296 9.075802518054843e-05 55
1734350968297 8.52699886308983e-05 56
1734350968298 8.55679827509448e-05 57
1734350968299 8.789659477770329e-05 58
1734350968300 8.461297693429515e-05 59
1734350968302 8.626251656096429e-05 60
1734350968303 0.00010585359996184707 61
1734350968304 8.349490235559642e-05 62
1734350968305 8.441274985671043e-05 63
1734350968306 8.122730650939047e-05 64
1734350968307 8.312495629070327e-05 65
1734350968308 0.00010260757699143142 66
1734350968309 8.520210394635797e-05 67
1734350968310 8.234196138801053e-05 68
1734350968311 7.603518315590918e-05 69
1734350968312 7.925175304990262e-05 70
1734350968313 7.730960351182148e-05 71
1734350968314 7.828082743799314e-05 72
1734350968315 7.87203898653388e-05 73
1734350968316 7.790609379298985e-05 74
1734350968317 7.657389505766332e-05 75
1734350968318 7.593062764499336e-05 76
1734350968319 7.766677299514413e-05 77
1734350968320 7.310268847504631e-05 78
1734350968321 7.269760681083426e-05 79
1734350968322 7.600455865031108e-05 80
1734350968323 7.69530888646841e-05 81
1734350968324 7.764415204292163e-05 82
1734350968325 7.14876368874684e-05 83
1734350968326 7.0328896981664e-05 84
1734350968327 7.558818469988182e-05 85
1734350968328 6.845606549177319e-05 86
1734350968329 7.263225415954366e-05 87
1734350968330 7.157595246098936e-05 88
1734350968331 7.243746222229674e-05 89
1734350968333 7.798011938575655e-05 90
1734350968334 6.999700417509302e-05 91
1734350968335 7.035947783151641e-05 92
1734350968336 6.721736281178892e-05 93
1734350968337 6.653704622294754e-05 94
1734350968338 7.186709262896329e-05 95
1734350968339 7.110647129593417e-05 96
1734350968340 6.867320917081088e-05 97
1734350968341 6.833844963693991e-05 98
1734350968342 6.859208224341273e-05 99
