1734366904385 0.06572896242141724 0
1734366904386 0.038360267877578735 1
1734366904387 0.034449078142642975 2
1734366904388 0.03309505432844162 3
1734366904389 0.031203875318169594 4
1734366904390 0.031500883400440216 5
1734366904391 0.031182516366243362 6
1734366904392 0.029001625254750252 7
1734366904393 0.028294555842876434 8
1734366904394 0.030514223501086235 9
1734366904395 0.02690298855304718 10
1734366904396 0.026702450588345528 11
1734366904397 0.02623784728348255 12
1734366904398 0.0259978286921978 13
1734366904399 0.02651181071996689 14
1734366904400 0.025912005454301834 15
1734366904401 0.02557598613202572 16
1734366904402 0.02375047281384468 17
1734366904403 0.022954965010285378 18
1734366904404 0.022222815081477165 19
1734366904405 0.02336430363357067 20
1734366904406 0.02055184356868267 21
1734366904407 0.02096780575811863 22
1734366904408 0.02029556781053543 23
1734366904409 0.019963543862104416 24
1734366904410 0.020230062305927277 25
1734366904411 0.021164027974009514 26
1734366904412 0.02046877145767212 27
1734366904413 0.01848798803985119 28
1734366904414 0.01836097054183483 29
1734366904415 0.018883327022194862 30
1734366904416 0.01859167031943798 31
1734366904417 0.018437732011079788 32
1734366904418 0.017664747312664986 33
1734366904419 0.01636781357228756 34
1734366904420 0.01733659952878952 35
1734366904421 0.017322754487395287 36
1734366904422 0.01675068400800228 37
1734366904423 0.016294904053211212 38
1734366904424 0.01627192273736 39
1734366904425 0.016771139577031136 40
1734366904425 0.01616150327026844 41
1734366904427 0.015807505697011948 42
1734366904428 0.01631934568285942 43
1734366904429 0.015897659584879875 44
1734366904430 0.016051361337304115 45
1734366904431 0.015804899856448174 46
1734366904431 0.015065646730363369 47
1734366904432 0.01590472273528576 48
1734366904433 0.016059841960668564 49
1734366904434 0.015460861846804619 50
1734366904435 0.015806227922439575 51
