1734366904333 0.016760585829615593 0
1734366904334 0.005777532700449228 1
1734366904335 0.004837073851376772 2
1734366904336 0.004767225589603186 3
1734366904337 0.00402626721188426 4
1734366904338 0.004084216430783272 5
1734366904339 0.004323386587202549 6
1734366904340 0.003550929483026266 7
1734366904341 0.0034179992508143187 8
1734366904342 0.0038038240745663643 9
1734366904343 0.0028847039211541414 10
1734366904344 0.0030562214087694883 11
1734366904345 0.002704720012843609 12
1734366904346 0.002700949087738991 13
1734366904347 0.002872528973966837 14
1734366904348 0.0027756530325859785 15
1734366904349 0.002680947072803974 16
1734366904350 0.0022584879770874977 17
1734366904351 0.0021806119475513697 18
1734366904352 0.0019661050755530596 19
1734366904353 0.0025417653378099203 20
1734366904354 0.0016359160654246807 21
1734366904355 0.0018155407160520554 22
1734366904356 0.0019041030900552869 23
1734366904357 0.0017709702951833606 24
1734366904358 0.0016918581677600741 25
1734366904359 0.0020091438200324774 26
1734366904360 0.0019093473674729466 27
1734366904361 0.001426889095455408 28
1734366904362 0.001516779768280685 29
1734366904363 0.0015016226097941399 30
1734366904364 0.0014642085880041122 31
1734366904365 0.001670259633101523 32
1734366904366 0.001262806006707251 33
1734366904367 0.001149081508629024 34
1734366904368 0.001333374995738268 35
1734366904369 0.0012951351236552 36
1734366904370 0.0011690581450238824 37
1734366904371 0.0010798696894198656 38
1734366904372 0.0010843138443306088 39
1734366904373 0.0012926694471389055 40
1734366904374 0.00119955709669739 41
1734366904375 0.001078020199202001 42
1734366904376 0.001349778613075614 43
1734366904377 0.0012389225885272026 44
1734366904378 0.0011457110522314906 45
1734366904379 0.001267727930098772 46
1734366904380 0.0009866992477327585 47
1734366904381 0.0011684763012453914 48
1734366904382 0.0011731620179489255 49
1734366904383 0.0010556072229519486 50
1734366904384 0.0012385566951707006 51
