1734410426868 0.05190572515130043 0
1734410426869 0.03876251354813576 1
1734410426871 0.034044768661260605 2
1734410426872 0.03022109717130661 3
1734410426873 0.02696823887526989 4
1734410426874 0.025217369198799133 5
1734410426875 0.02356036566197872 6
1734410426876 0.023504333570599556 7
1734410426877 0.02285989560186863 8
1734410426878 0.02282174676656723 9
1734410426879 0.02052653394639492 10
1734410426881 0.020532943308353424 11
1734410426882 0.020145542919635773 12
1734410426883 0.020354967564344406 13
1734410426884 0.019986070692539215 14
1734410426885 0.02032039873301983 15
1734410426886 0.020143069326877594 16
1734410426887 0.01802635006606579 17
1734410426888 0.019668087363243103 18
1734410426889 0.021228047087788582 19
