1734410426844 0.005509052891284227 0
1734410426845 0.0030566768255084753 1
1734410426847 0.0024917402770370245 2
1734410426848 0.002095116302371025 3
1734410426850 0.001775973360054195 4
1734410426851 0.0016191111644729972 5
1734410426852 0.0014730056282132864 6
1734410426853 0.001473837299272418 7
1734410426855 0.001426818547770381 8
1734410426856 0.0014043445698916912 9
1734410426857 0.001235448056831956 10
1734410426858 0.0011881940299645066 11
1734410426859 0.0011604863684624434 12
1734410426860 0.0012004351010546088 13
1734410426862 0.001147140166722238 14
1734410426863 0.001159575185738504 15
1734410426864 0.0011290834518149495 16
1734410426865 0.0009716845233924687 17
1734410426866 0.0010984501568600535 18
1734410426867 0.0012230727588757873 19
