1734352948632 0.016024451702833176 0
1734352948633 0.005672566592693329 1
1734352948634 0.005168932024389505 2
1734352948636 0.004878679756075144 3
1734352948637 0.004860750865191221 4
1734352948638 0.004312647040933371 5
1734352948639 0.0049170153215527534 6
1734352948640 0.00457747234031558 7
1734352948641 0.0038497664500027895 8
1734352948642 0.0040128109976649284 9
1734352948643 0.00418681837618351 10
1734352948644 0.003670975798740983 11
1734352948645 0.003366556717082858 12
1734352948646 0.003071590792387724 13
1734352948647 0.003036554204300046 14
1734352948648 0.002972872694954276 15
1734352948649 0.0024995477870106697 16
1734352948651 0.0027791419997811317 17
1734352948652 0.002549531636759639 18
1734352948653 0.0024855469819158316 19
1734352948654 0.0023630785290151834 20
1734352948655 0.0025878995656967163 21
1734352948656 0.0023686857894062996 22
1734352948657 0.0027390446048229933 23
1734352948658 0.0019687917083501816 24
1734352948659 0.0021683545783162117 25
1734352948661 0.0020053719636052847 26
1734352948662 0.0021063301246613264 27
1734352948663 0.0027145547792315483 28
1734352948664 0.0018814197974279523 29
1734352948665 0.0016599115915596485 30
1734352948666 0.0016056614695116878 31
1734352948667 0.0018435986712574959 32
1734352948669 0.0016866124933585525 33
1734352948670 0.0015172905987128615 34
1734352948671 0.0015347822336480021 35
1734352948672 0.0015072895912453532 36
1734352948673 0.0012680899817496538 37
1734352948674 0.0015248906565830112 38
1734352948675 0.0013223622227087617 39
1734352948676 0.001565048936754465 40
1734352948677 0.0012188612017780542 41
1734352948678 0.001803403371013701 42
1734352948679 0.0011611300287768245 43
1734352948680 0.001170209376141429 44
1734352948681 0.001294895657338202 45
1734352948682 0.0012776562944054604 46
1734352948683 0.001089738798327744 47
1734352948684 0.0010542732197791338 48
1734352948685 0.0010433463612571359 49
1734352948686 0.0010545965051278472 50
1734352948687 0.001197340781800449 51
1734352948688 0.0009769509779289365 52
1734352948689 0.0014111676719039679 53
1734352948691 0.0008729364490136504 54
1734352948692 0.0008867834112606943 55
1734352948693 0.0012342793634161353 56
1734352948694 0.0011507082963362336 57
1734352948695 0.0008852226310409606 58
1734352948696 0.0008909040479920805 59
1734352948697 0.0008196829003281891 60
1734352948698 0.0009468010975979269 61
1734352948699 0.000863241555634886 62
1734352948700 0.0007954215398058295 63
1734352948701 0.0007605198188684881 64
1734352948702 0.000876773614436388 65
1734352948703 0.0011664371704682708 66
1734352948704 0.0008025551796890795 67
1734352948705 0.0010808823863044381 68
1734352948706 0.000803923059720546 69
1734352948707 0.0009489014046266675 70
1734352948709 0.000777816167101264 71
1734352948710 0.0007884536753408611 72
1734352948711 0.0011425482807680964 73
1734352948712 0.0006732417386956513 74
1734352948713 0.0011597246630117297 75
1734352948714 0.001186557114124298 76
1734352948715 0.0009647837141528726 77
1734352948717 0.0006675021722912788 78
1734352948718 0.000898629252333194 79
1734352948719 0.0007849301327951252 80
1734352948720 0.0007981833769008517 81
1734352948721 0.0010639531537890434 82
1734352948722 0.0006746867438778281 83
1734352948723 0.000734702916815877 84
1734352948725 0.0006659030332230031 85
1734352948726 0.0010571039747446775 86
1734352948727 0.0010177500080317259 87
1734352948728 0.0006753645720891654 88
1734352948729 0.000686172628775239 89
1734352948731 0.0006898100837133825 90
1734352948732 0.0007224197615869343 91
1734352948733 0.00066557148238644 92
1734352948734 0.00105407671071589 93
1734352948735 0.000669255678076297 94
1734352948736 0.0010184783022850752 95
1734352948737 0.0006014591781422496 96
1734352948738 0.0006560984184034169 97
1734352948739 0.000671492307446897 98
1734352948740 0.0006142299971543252 99
