1734413726337 0.018378613516688347 0
1734413726338 0.013919983990490437 1
1734413726340 0.011498368345201015 2
1734413726342 0.009556920267641544 3
1734413726343 0.008077410981059074 4
1734413726345 0.006740098353475332 5
1734413726346 0.0056345234625041485 6
1734413726347 0.004952866118401289 7
1734413726348 0.004396103788167238 8
1734413726349 0.0038359202444553375 9
1734413726350 0.0033045795280486345 10
1734413726351 0.0029555284418165684 11
1734413726353 0.0027211953420192003 12
1734413726354 0.0024966872297227383 13
1734413726355 0.0021722137462347746 14
1734413726356 0.002046050503849983 15
1734413726357 0.0019353503594174981 16
1734413726359 0.0020289241801947355 17
1734413726360 0.0018247273983433843 18
1734413726361 0.0018639240879565477 19
1734413726362 0.0018476898549124599 20
1734413726363 0.001731999684125185 21
1734413726364 0.0016528501873835921 22
1734413726366 0.001525967032648623 23
1734413726367 0.001625118893571198 24
1734413726368 0.0015931751113384962 25
1734413726369 0.0014392939629033208 26
