1734413726371 0.04267958179116249 0
1734413726372 0.02992999367415905 1
1734413726373 0.027247102931141853 2
1734413726374 0.02615801803767681 3
1734413726376 0.026142138987779617 4
1734413726377 0.024768328294157982 5
1734413726378 0.023757565766572952 6
1734413726379 0.024530909955501556 7
1734413726380 0.02499537356197834 8
1734413726382 0.025498447939753532 9
1734413726383 0.023275701329112053 10
1734413726384 0.02328777126967907 11
1734413726385 0.023193400353193283 12
1734413726386 0.023089822381734848 13
1734413726388 0.021511634811758995 14
1734413726389 0.02104327641427517 15
1734413726390 0.02145540900528431 16
1734413726391 0.0233002956956625 17
1734413726392 0.0223542433232069 18
1734413726394 0.0229962095618248 19
1734413726395 0.02325807698071003 20
1734413726396 0.02273724600672722 21
1734413726397 0.02209465391933918 22
1734413726398 0.02147303707897663 23
1734413726400 0.022531598806381226 24
1734413726401 0.02262902818620205 25
1734413726402 0.021214064210653305 26
