1734412704048 0.04585009068250656 0
1734412704049 0.03387894853949547 1
1734412704050 0.02735854871571064 2
1734412704051 0.025707291439175606 3
1734412704052 0.026638081297278404 4
1734412704053 0.023798903450369835 5
1734412704055 0.024375908076763153 6
1734412704056 0.023989496752619743 7
1734412704057 0.023401131853461266 8
1734412704058 0.022535113617777824 9
1734412704059 0.02256612479686737 10
1734412704060 0.023737598210573196 11
1734412704061 0.023187408223748207 12
1734412704062 0.023493092507123947 13
1734412704063 0.024243948981165886 14
1734412704065 0.022242307662963867 15
1734412704066 0.020956693217158318 16
1734412704067 0.0237837266176939 17
1734412704068 0.02236934006214142 18
1734412704069 0.021590538322925568 19
