1734412704021 0.018834959715604782 0
1734412704022 0.014319010078907013 1
1734412704024 0.011486159637570381 2
1734412704026 0.00954702403396368 3
1734412704027 0.008163881488144398 4
1734412704029 0.006651712581515312 5
1734412704031 0.005744975991547108 6
1734412704033 0.004948874935507774 7
1734412704034 0.004247119650244713 8
1734412704035 0.0036163723561912775 9
1734412704037 0.0032976127695292234 10
1734412704038 0.0030600421596318483 11
1734412704039 0.0027139384765177965 12
1734412704040 0.0025845675263553858 13
1734412704041 0.002503627445548773 14
1734412704042 0.0021753935143351555 15
1734412704043 0.0020367419347167015 16
1734412704044 0.0021113173570483923 17
1734412704046 0.001947245211340487 18
1734412704047 0.0018159436294808984 19
