1734408437143 0.007921446114778519 0
1734408437145 0.006732573267072439 1
1734408437146 0.0057526398450136185 2
1734408437148 0.004894063342362642 3
1734408437150 0.004165754187852144 4
1734408437151 0.003563378006219864 5
1734408437153 0.0030586638022214174 6
1734408437155 0.0027229562401771545 7
1734408437156 0.002430390100926161 8
1734408437158 0.0022872015833854675 9
1734408437160 0.0020979377441108227 10
1734408437161 0.0018563518533483148 11
1734408437162 0.0018072606762871146 12
1734408437163 0.0017325016669929028 13
1734408437164 0.0017269097734242678 14
1734408437166 0.0016438703751191497 15
1734408437167 0.0015408023027703166 16
1734408437168 0.0014753066934645176 17
1734408437169 0.0014932146295905113 18
1734408437170 0.0014186989283189178 19
