1734408437171 0.057493727654218674 0
1734408437172 0.051454853266477585 1
1734408437174 0.04637622833251953 2
1734408437175 0.04189949482679367 3
1734408437176 0.038128092885017395 4
1734408437177 0.03536471351981163 5
1734408437178 0.03321753814816475 6
1734408437180 0.032032888382673264 7
1734408437181 0.030826330184936523 8
1734408437182 0.030121879652142525 9
1734408437183 0.02867335081100464 10
1734408437184 0.02639925107359886 11
1734408437185 0.025623738765716553 12
1734408437187 0.02478732168674469 13
1734408437188 0.024363446980714798 14
1734408437189 0.023016342893242836 15
1734408437190 0.022007016465067863 16
1734408437191 0.021187597885727882 17
1734408437193 0.020946435630321503 18
1734408437194 0.02007238008081913 19
