1734412154235 0.03154367953538895 0
1734412154237 0.022775229066610336 1
1734412154238 0.017296409234404564 2
1734412154240 0.012922500260174274 3
1734412154241 0.010100395418703556 4
1734412154243 0.007726952899247408 5
1734412154245 0.006208262871950865 6
1734412154247 0.005091645289212465 7
1734412154249 0.00413677841424942 8
1734412154250 0.0035433005541563034 9
1734412154251 0.002939739963039756 10
1734412154252 0.002663805615156889 11
1734412154254 0.002628293354064226 12
1734412154255 0.002310530049726367 13
1734412154256 0.0020674169063568115 14
1734412154257 0.001943027600646019 15
1734412154258 0.0018533642869442701 16
1734412154259 0.001778505858965218 17
1734412154261 0.0017825000686571002 18
1734412154262 0.0016957628540694714 19
