1734412154263 0.04209449142217636 0
1734412154264 0.02881302312016487 1
1734412154265 0.027196137234568596 2
1734412154267 0.023908909410238266 3
1734412154268 0.0253119096159935 4
1734412154269 0.023199018090963364 5
1734412154270 0.023785516619682312 6
1734412154271 0.024185791611671448 7
1734412154272 0.022617345675826073 8
1734412154274 0.022669579833745956 9
1734412154275 0.021542511880397797 10
1734412154276 0.021501760929822922 11
1734412154277 0.024527547881007195 12
1734412154278 0.02256513200700283 13
1734412154279 0.021648181602358818 14
1734412154281 0.021663635969161987 15
1734412154282 0.021600399166345596 16
1734412154283 0.02175920270383358 17
1734412154284 0.022709999233484268 18
1734412154285 0.021582668647170067 19
