1734403437351 0.04571743682026863 0
1734403437352 0.03208125755190849 1
1734403437353 0.025447484105825424 2
1734403437354 0.022152438759803772 3
1734403437356 0.02075044997036457 4
1734403437357 0.019543174654245377 5
1734403437358 0.019080275669693947 6
1734403437359 0.018245015293359756 7
1734403437360 0.017973724752664566 8
1734403437361 0.017547646537423134 9
1734403437362 0.01700313575565815 10
1734403437363 0.017434773966670036 11
1734403437364 0.016682779416441917 12
1734403437365 0.016530364751815796 13
1734403437366 0.016629761084914207 14
1734403437367 0.01671084389090538 15
1734403437368 0.01567109301686287 16
