1734403437334 0.013455377891659737 0
1734403437335 0.010123164393007755 1
1734403437336 0.008395486511290073 2
1734403437337 0.007234842516481876 3
1734403437338 0.0063215880654752254 4
1734403437339 0.005545589607208967 5
1734403437340 0.004892866127192974 6
1734403437341 0.004291594959795475 7
1734403437342 0.0037868856452405453 8
1734403437343 0.0033554385881870985 9
1734403437344 0.0029683737084269524 10
1734403437345 0.0026703113690018654 11
1734403437346 0.002355047967284918 12
1734403437347 0.0021396821830421686 13
1734403437348 0.0019270561169832945 14
1734403437349 0.0017884478438645601 15
1734403437350 0.001558649935759604 16
