1734411163620 0.048279475420713425 0
1734411163621 0.03727838024497032 1
1734411163622 0.033585596829652786 2
1734411163623 0.029113786295056343 3
1734411163625 0.027102651074528694 4
1734411163626 0.02334909327328205 5
1734411163627 0.023427382111549377 6
1734411163628 0.022887172177433968 7
1734411163629 0.021683527156710625 8
1734411163631 0.020713938400149345 9
1734411163632 0.01978955790400505 10
1734411163633 0.02165522426366806 11
1734411163634 0.021416423842310905 12
1734411163635 0.019673708826303482 13
1734411163636 0.019949711859226227 14
1734411163638 0.01893008127808571 15
1734411163639 0.01921159215271473 16
1734411163640 0.019675027579069138 17
1734411163641 0.018679358065128326 18
1734411163642 0.01812927983701229 19
