1734411163596 0.004841414280235767 0
1734411163597 0.0028641473036259413 1
1734411163598 0.0023964240681380033 2
1734411163599 0.0019682676065713167 3
1734411163601 0.0018025096505880356 4
1734411163602 0.0014764213701710105 5
1734411163603 0.0014891383470967412 6
1734411163604 0.0014822835801169276 7
1734411163606 0.0013051205314695835 8
1734411163607 0.0012684189714491367 9
1734411163608 0.0011461045360192657 10
1734411163609 0.001359497313387692 11
1734411163610 0.0012163911014795303 12
1734411163612 0.0011422254610806704 13
1734411163613 0.001155345467850566 14
1734411163614 0.0010835295543074608 15
1734411163615 0.0010757743148133159 16
1734411163616 0.0011268195230513811 17
1734411163618 0.0010492227738723159 18
1734411163619 0.0010019292822107673 19
