1734410919038 0.006073246244341135 0
1734410919039 0.003459891304373741 1
1734410919040 0.0030589094385504723 2
1734410919042 0.0027319130022078753 3
1734410919043 0.002497174544259906 4
1734410919044 0.0022591277956962585 5
1734410919045 0.002112407935783267 6
1734410919046 0.0019004136556759477 7
1734410919047 0.001739464234560728 8
1734410919049 0.0016075011808425188 9
1734410919050 0.0014924563001841307 10
1734410919052 0.0013998140348121524 11
1734410919053 0.00139861018396914 12
1734410919054 0.0013053207658231258 13
1734410919055 0.0013512757141143084 14
1734410919056 0.0012259945506229997 15
1734410919057 0.0013743775198236108 16
1734410919059 0.0012365385191515088 17
1734410919060 0.0013162147952243686 18
1734410919061 0.0012311862083151937 19
