1734410919062 0.054771941155195236 0
1734410919063 0.04092821851372719 1
1734410919065 0.03849839046597481 2
1734410919066 0.03624971956014633 3
1734410919067 0.03455846384167671 4
1734410919068 0.03228731080889702 5
1734410919070 0.030811192467808723 6
1734410919071 0.028338076546788216 7
1734410919072 0.026449216529726982 8
1734410919073 0.025181714445352554 9
1734410919075 0.023551028221845627 10
1734410919076 0.022190170362591743 11
1734410919077 0.022294359281659126 12
1734410919078 0.021095333620905876 13
1734410919079 0.02192673832178116 14
1734410919080 0.020750928670167923 15
1734410919081 0.021602775901556015 16
1734410919083 0.020640380680561066 17
1734410919084 0.02118454873561859 18
1734410919085 0.02051871083676815 19
