1734403486202 0.038677867501974106 0
1734403486203 0.02956780605018139 1
1734403486204 0.024022039026021957 2
1734403486205 0.020994538441300392 3
1734403486206 0.019785940647125244 4
1734403486207 0.01890854723751545 5
1734403486208 0.018033050000667572 6
1734403486209 0.017655491828918457 7
1734403486211 0.01730954274535179 8
1734403486212 0.017110899090766907 9
1734403486213 0.01710987091064453 10
1734403486214 0.017024409025907516 11
1734403486215 0.016606725752353668 12
1734403486216 0.01701769046485424 13
1734403486217 0.015958894044160843 14
1734403486218 0.01577248051762581 15
