1734403486186 0.01211429014801979 0
1734403486187 0.009655416011810303 1
1734403486188 0.008125068619847298 2
1734403486189 0.006977624259889126 3
1734403486190 0.00605772202834487 4
1734403486191 0.0052914987318217754 5
1734403486192 0.004611873533576727 6
1734403486193 0.004061738960444927 7
1734403486194 0.0035643507726490498 8
1734403486195 0.0031485173385590315 9
1734403486196 0.0028048690874129534 10
1734403486197 0.002536185085773468 11
1734403486198 0.0022177710197865963 12
1734403486199 0.0020198775455355644 13
1734403486200 0.0017674686387181282 14
1734403486201 0.0015930930385366082 15
