1734413340468 0.01885906234383583 0
1734413340470 0.014192975126206875 1
1734413340471 0.011470330879092216 2
1734413340472 0.009351001121103764 3
1734413340474 0.007861337624490261 4
1734413340476 0.006635361351072788 5
1734413340478 0.005636319983750582 6
1734413340480 0.0047825234942138195 7
1734413340482 0.004274040926247835 8
1734413340483 0.0035785832442343235 9
1734413340485 0.003340121591463685 10
1734413340486 0.002821842208504677 11
1734413340487 0.0026054612826555967 12
1734413340489 0.0024505003821104765 13
1734413340490 0.0022741458378732204 14
1734413340491 0.0021841274574398994 15
1734413340492 0.002077501965686679 16
1734413340493 0.0019049900583922863 17
1734413340494 0.0017557259416207671 18
1734413340495 0.0018549482338130474 19
