1734413340497 0.046718478202819824 0
1734413340498 0.03398732468485832 1
1734413340499 0.027974430471658707 2
1734413340500 0.025217730551958084 3
1734413340501 0.024853073060512543 4
1734413340502 0.02412634901702404 5
1734413340503 0.02450961247086525 6
1734413340504 0.023156240582466125 7
1734413340506 0.02416771836578846 8
1734413340507 0.02303861640393734 9
1734413340508 0.02446700446307659 10
1734413340509 0.022629039362072945 11
1734413340510 0.022768963128328323 12
1734413340511 0.022419966757297516 13
1734413340512 0.0230883602052927 14
1734413340514 0.02331913448870182 15
1734413340515 0.022910697385668755 16
1734413340516 0.022402342408895493 17
1734413340517 0.021195054054260254 18
1734413340518 0.02296210266649723 19
