1734410131926 0.04520800709724426 0
1734410131927 0.03389996662735939 1
1734410131928 0.027031611651182175 2
1734410131929 0.023978833109140396 3
1734410131931 0.023247823119163513 4
1734410131932 0.023490162566304207 5
1734410131933 0.021612931042909622 6
1734410131934 0.021140068769454956 7
1734410131935 0.021886760368943214 8
1734410131936 0.020404180511832237 9
1734410131937 0.020268358290195465 10
1734410131938 0.0222648773342371 11
1734410131939 0.02135351486504078 12
1734410131941 0.020564327016472816 13
1734410131942 0.020324762910604477 14
1734410131943 0.019905803725123405 15
1734410131944 0.020743073895573616 16
