1734410131906 0.0039380695670843124 0
1734410131907 0.0024050320498645306 1
1734410131908 0.0018684645183384418 2
1734410131910 0.0015290187438949943 3
1734410131911 0.001478680525906384 4
1734410131912 0.0015263231471180916 5
1734410131913 0.0013064853847026825 6
1734410131915 0.0013074787566438317 7
1734410131916 0.0012940268497914076 8
1734410131917 0.0011789454147219658 9
1734410131918 0.001159127103164792 10
1734410131919 0.0013965495163574815 11
1734410131920 0.0012724694097414613 12
1734410131921 0.0011949145700782537 13
1734410131922 0.001120354630984366 14
1734410131924 0.0011584518942981958 15
1734410131925 0.001247322536073625 16
