1734410018154 0.005009015556424856 0
1734410018156 0.0030701630748808384 1
1734410018157 0.002578382147476077 2
1734410018158 0.002158303279429674 3
1734410018159 0.001990145305171609 4
1734410018160 0.0017887534340843558 5
1734410018161 0.0016047029057517648 6
1734410018163 0.001530410605482757 7
1734410018164 0.0014821594813838601 8
1734410018166 0.001447005313821137 9
1734410018168 0.001374725135974586 10
1734410018169 0.0014554287772625685 11
1734410018170 0.0012522211764007807 12
1734410018171 0.0013437415473163128 13
1734410018172 0.0013658973621204495 14
1734410018174 0.0012565957149490714 15
1734410018175 0.0012274106265977025 16
1734410018176 0.0012509096413850784 17
1734410018177 0.0012285209959372878 18
1734410018178 0.0012457396369427443 19
