1734410018179 0.0491078719496727 0
1734410018181 0.03941575437784195 1
1734410018182 0.035318560898303986 2
1734410018183 0.031270310282707214 3
1734410018184 0.02884167619049549 4
1734410018185 0.026266681030392647 5
1734410018186 0.024560602381825447 6
1734410018187 0.02371949516236782 7
1734410018188 0.02318624034523964 8
1734410018189 0.022784344851970673 9
1734410018190 0.022489719092845917 10
1734410018192 0.02284812740981579 11
1734410018193 0.021287959069013596 12
1734410018194 0.021876592189073563 13
1734410018195 0.021844953298568726 14
1734410018196 0.02125312201678753 15
1734410018197 0.02110447734594345 16
1734410018198 0.021067451685667038 17
1734410018200 0.021328873932361603 18
1734410018201 0.020844444632530212 19
