1734404796621 0.0042390115559101105 0
1734404796622 0.002344544744119048 1
1734404796623 0.0017915720818564296 2
1734404796624 0.0014677038416266441 3
1734404796626 0.0013006814988330007 4
1734404796627 0.0011308611137792468 5
1734404796628 0.0010227318853139877 6
1734404796629 0.0008977972320280969 7
1734404796630 0.0008643951150588691 8
1734404796631 0.000758306123316288 9
1734404796632 0.0007690698257647455 10
1734404796633 0.0007299553253687918 11
1734404796635 0.0006806938908994198 12
1734404796636 0.0006505867931991816 13
1734404796637 0.0006701085949316621 14
1734404796638 0.0006451539811678231 15
