1734404796639 0.03977600485086441 0
1734404796640 0.02775503508746624 1
1734404796641 0.02381954900920391 2
1734404796642 0.020945463329553604 3
1734404796643 0.018761463463306427 4
1734404796644 0.017145056277513504 5
1734404796645 0.01614385098218918 6
1734404796647 0.015126539394259453 7
1734404796648 0.014737941324710846 8
1734404796649 0.013810699805617332 9
1734404796650 0.014236442744731903 10
1734404796651 0.01385803148150444 11
1734404796652 0.013149007223546505 12
1734404796653 0.01305897906422615 13
1734404796654 0.013585364446043968 14
1734404796655 0.012954768724739552 15
