1734350820919 0.005855170078575611 0
1734350820920 0.000400727876694873 1
1734350820921 0.00032281779567711055 2
1734350820922 0.0002710070984903723 3
1734350820924 0.0002374301548115909 4
1734350820925 0.00021981948520988226 5
1734350820927 0.0002256337902508676 6
1734350820928 0.00020015989139210433 7
1734350820929 0.00019265530863776803 8
1734350820931 0.0001840867626015097 9
1734350820932 0.00017555567319504917 10
1734350820934 0.0001712793600745499 11
1734350820935 0.00016508693806827068 12
1734350820936 0.0001604109420441091 13
1734350820938 0.00015442729636561126 14
1734350820939 0.0001522145321359858 15
1734350820941 0.00014936285151634365 16
1734350820942 0.00014380330685526133 17
1734350820943 0.00013442944327834994 18
1734350820945 0.00013221899280324578 19
1734350820946 0.00012666417751461267 20
1734350820948 0.00012393209908623248 21
1734350820949 0.00011974273365922272 22
1734350820951 0.00012211008288431913 23
1734350820952 0.00012125726789236069 24
1734350820953 0.00010814676352310926 25
1734350820954 0.00010798153380164877 26
1734350820955 0.00010810021194629371 27
1734350820956 0.00010407209629192948 28
1734350820957 9.906851482810453e-05 29
1734350820958 9.41699618124403e-05 30
1734350820959 0.00010447446402395144 31
1734350820960 9.319123637396842e-05 32
1734350820961 9.12558170966804e-05 33
1734350820962 8.960994455264881e-05 34
1734350820963 9.089120430871844e-05 35
1734350820963 8.7202679424081e-05 36
1734350820964 8.632329991087317e-05 37
1734350820965 8.105969027383253e-05 38
1734350820966 8.219834126066417e-05 39
1734350820967 8.3474675193429e-05 40
1734350820968 8.813069871393964e-05 41
1734350820969 7.833830750314519e-05 42
1734350820970 8.137855911627412e-05 43
1734350820971 7.841117621865124e-05 44
1734350820972 7.748897769488394e-05 45
1734350820973 7.662073039682582e-05 46
1734350820974 8.962894207797945e-05 47
1734350820975 8.37255793157965e-05 48
1734350820976 7.030517008388415e-05 49
1734350820977 7.042557990644127e-05 50
1734350820978 7.150421879487112e-05 51
1734350820979 7.144411210902035e-05 52
1734350820980 7.593836926389486e-05 53
1734350820981 7.060581992845982e-05 54
1734350820982 7.250027556437999e-05 55
1734350820983 7.967587589519098e-05 56
1734350820984 7.267641194630414e-05 57
1734350820985 7.049816485960037e-05 58
1734350820986 6.92082176101394e-05 59
1734350820987 7.836985605536029e-05 60
1734350820987 6.823670992162079e-05 61
1734350820988 7.341604214161634e-05 62
1734350820989 6.999561446718872e-05 63
1734350820990 6.959371967241168e-05 64
1734350820991 6.359978578984737e-05 65
1734350820992 6.517951260320842e-05 66
1734350820993 6.561737973242998e-05 67
1734350820994 6.5794782130979e-05 68
1734350820995 6.595153536181897e-05 69
1734350820996 6.14216405665502e-05 70
1734350820997 6.593325088033453e-05 71
1734350820998 6.192209548316896e-05 72
1734350820999 6.68693901388906e-05 73
1734350821000 6.151193520054221e-05 74
1734350821001 6.4453823142685e-05 75
1734350821002 6.554381980095059e-05 76
1734350821003 6.300605309661478e-05 77
1734350821004 6.463240424636751e-05 78
1734350821005 6.34984317002818e-05 79
1734350821006 5.8994817663915455e-05 80
1734350821007 5.898966992390342e-05 81
1734350821008 5.8350353356217965e-05 82
1734350821009 6.366150046233088e-05 83
1734350821009 6.599113839911297e-05 84
1734350821010 5.9318037529010326e-05 85
1734350821011 6.131326517788693e-05 86
1734350821012 6.221822695806623e-05 87
1734350821013 5.690874968422577e-05 88
1734350821014 6.295392813626677e-05 89
1734350821015 5.519638580153696e-05 90
1734350821016 5.8363402786199003e-05 91
1734350821017 5.81864187552128e-05 92
1734350821018 6.402115104719996e-05 93
1734350821019 5.7931465562433004e-05 94
1734350821020 5.529897316591814e-05 95
1734350821021 5.5673677707090974e-05 96
1734350821022 5.738495383411646e-05 97
1734350821023 5.502466228790581e-05 98
1734350821024 5.596234041149728e-05 99
