1734405756773 0.03178844973444939 0
1734405756774 0.023984437808394432 1
1734405756775 0.018601158633828163 2
1734405756776 0.014783207327127457 3
1734405756777 0.014006025157868862 4
1734405756778 0.012998612597584724 5
1734405756779 0.01360322441905737 6
1734405756780 0.011899899691343307 7
1734405756782 0.012254889123141766 8
1734405756783 0.011601541191339493 9
1734405756784 0.012782731093466282 10
1734405756785 0.011702178046107292 11
1734405756786 0.011876956559717655 12
1734405756787 0.011352453380823135 13
1734405756788 0.011297030374407768 14
1734405756789 0.011285613290965557 15
1734405756790 0.011401484720408916 16
1734405756791 0.011855654418468475 17
1734405756792 0.01225170399993658 18
