1734405756747 0.003271542489528656 0
1734405756749 0.00184258830267936 1
1734405756751 0.001335395616479218 2
1734405756752 0.0010534204775467515 3
1734405756754 0.0009611980640329421 4
1734405756755 0.0008337294566445053 5
1734405756757 0.000847799819894135 6
1734405756758 0.0006833964725956321 7
1734405756760 0.0006776537629775703 8
1734405756761 0.0006134860450401902 9
1734405756763 0.0006460509030148387 10
1734405756764 0.0005662021576426923 11
1734405756766 0.0005831218441016972 12
1734405756767 0.0005207021022215486 13
1734405756768 0.0004927568952552974 14
1734405756769 0.0004887089016847312 15
1734405756770 0.00047540440573357046 16
1734405756771 0.0005105156451463699 17
1734405756772 0.000553971971385181 18
