1734408587527 0.00683795940130949 0
1734408587528 0.005275398958474398 1
1734408587530 0.003931395243853331 2
1734408587531 0.002749920357018709 3
1734408587532 0.001992961624637246 4
1734408587533 0.0017259124433621764 5
1734408587534 0.0015952432295307517 6
1734408587535 0.001461645239032805 7
1734408587536 0.0014254768611863256 8
1734408587537 0.0013438074383884668 9
1734408587539 0.0013182032853364944 10
1734408587540 0.0013445212971419096 11
1734408587541 0.0012693819589912891 12
1734408587542 0.0012793578207492828 13
1734408587543 0.0012279930524528027 14
1734408587544 0.0011382033117115498 15
1734408587545 0.0011495023500174284 16
1734408587546 0.0011575621319934726 17
1734408587547 0.0010882294736802578 18
