1734408587549 0.05387058109045029 0
1734408587550 0.04537658020853996 1
1734408587551 0.03717011958360672 2
1734408587552 0.030129505321383476 3
1734408587553 0.026042090728878975 4
1734408587554 0.024603605270385742 5
1734408587555 0.023163003847002983 6
1734408587556 0.02128295972943306 7
1734408587558 0.019924761727452278 8
1734408587559 0.0187847837805748 9
1734408587560 0.017994381487369537 10
1734408587561 0.017756737768650055 11
1734408587562 0.017084728926420212 12
1734408587563 0.016763880848884583 13
1734408587564 0.01635020785033703 14
1734408587565 0.015517889522016048 15
1734408587566 0.015596828423440456 16
1734408587567 0.015504387207329273 17
1734408587568 0.015042244456708431 18
