1734414050972 0.01984153874218464 0
1734414050973 0.017022117972373962 1
1734414050974 0.014970453456044197 2
1734414050976 0.013333834707736969 3
1734414050977 0.012106155976653099 4
1734414050978 0.010946161113679409 5
1734414050979 0.009854845702648163 6
1734414050981 0.009222298860549927 7
1734414050982 0.00842434260994196 8
1734414050983 0.007703233510255814 9
1734414050984 0.00708595709875226 10
1734414050985 0.006391516886651516 11
1734414050987 0.005913058761507273 12
1734414050988 0.005411831196397543 13
1734414050989 0.005021041724830866 14
1734414050991 0.0046055978164076805 15
1734414050992 0.0043822103179991245 16
1734414050993 0.003875470720231533 17
1734414050994 0.0036587531212717295 18
1734414050995 0.0033886185847222805 19
1734414050997 0.003153163241222501 20
1734414050998 0.0030099062714725733 21
1734414051000 0.002740852301940322 22
1734414051001 0.0026038929354399443 23
1734414051002 0.002383497543632984 24
1734414051003 0.0024720600340515375 25
1734414051005 0.0023317288141697645 26
1734414051006 0.002175908535718918 27
1734414051007 0.001991150202229619 28
1734414051008 0.0020452735479921103 29
1734414051009 0.0019445656798779964 30
1734414051010 0.0018579313764348626 31
1734414051012 0.0017835330218076706 32
1734414051013 0.001570155844092369 33
1734414051014 0.001669396529905498 34
1734414051015 0.0016206252621486783 35
1734414051016 0.0015662397490814328 36
1734414051017 0.001511323032900691 37
1734414051018 0.0014981841668486595 38
1734414051020 0.001426988746970892 39
1734414051021 0.001373753068037331 40
1734414051022 0.0013672036584466696 41
1734414051023 0.0014527594903483987 42
1734414051024 0.0013779732398688793 43
1734414051025 0.001336954883299768 44
1734414051026 0.0012580781476572156 45
1734414051027 0.001333364867605269 46
1734414051029 0.001252083107829094 47
1734414051030 0.0012148238020017743 48
1734414051031 0.0011339408811181784 49
1734414051032 0.001405299291945994 50
1734414051033 0.0011648795334622264 51
1734414051034 0.0011747372336685658 52
1734414051035 0.0011686321813613176 53
1734414051037 0.0011628075735643506 54
1734414051038 0.0011340444907546043 55
1734414051039 0.0012501272140070796 56
1734414051040 0.001162528176791966 57
1734414051041 0.0011930980253964663 58
1734414051042 0.0012787207961082458 59
1734414051043 0.0012214943999424577 60
1734414051044 0.0011433354811742902 61
