1734414051046 0.04716936871409416 0
1734414051047 0.03965151682496071 1
1734414051048 0.03387971967458725 2
1734414051049 0.02928962931036949 3
1734414051050 0.02640802599489689 4
1734414051051 0.02472131885588169 5
1734414051053 0.023136498406529427 6
1734414051054 0.024373196065425873 7
1734414051055 0.023589875549077988 8
1734414051056 0.02365800365805626 9
1734414051057 0.02353457361459732 10
1734414051058 0.022048823535442352 11
1734414051060 0.02193235605955124 12
1734414051061 0.021392617374658585 13
1734414051062 0.02160738594830036 14
1734414051063 0.02132018655538559 15
1734414051064 0.022507963702082634 16
1734414051065 0.020871538668870926 17
1734414051066 0.021019143983721733 18
1734414051068 0.02148672379553318 19
1734414051069 0.020283758640289307 20
1734414051070 0.021459488198161125 21
1734414051071 0.020614000037312508 22
1734414051072 0.02006867527961731 23
1734414051073 0.019309956580400467 24
1734414051074 0.021089352667331696 25
1734414051076 0.021596726030111313 26
1734414051077 0.021154366433620453 27
1734414051078 0.020420366898179054 28
1734414051079 0.021091893315315247 29
1734414051080 0.021031372249126434 30
1734414051081 0.020795214921236038 31
1734414051082 0.021114809438586235 32
1734414051083 0.01881651021540165 33
1734414051085 0.020860491320490837 34
1734414051086 0.02000824548304081 35
1734414051087 0.02047768048942089 36
1734414051088 0.019681274890899658 37
1734414051089 0.02007334679365158 38
1734414051090 0.019494539126753807 39
1734414051091 0.01900397799909115 40
1734414051092 0.019557157531380653 41
1734414051094 0.020332422107458115 42
1734414051095 0.019907377660274506 43
1734414051096 0.02036876231431961 44
1734414051097 0.019284555688500404 45
1734414051098 0.02004394121468067 46
1734414051099 0.01967409998178482 47
1734414051100 0.01919054239988327 48
1734414051102 0.01876949518918991 49
1734414051103 0.021427206695079803 50
1734414051104 0.018994318321347237 51
1734414051105 0.01883869618177414 52
1734414051106 0.019615713506937027 53
1734414051107 0.019135771319270134 54
1734414051108 0.019302327185869217 55
1734414051109 0.020264707505702972 56
1734414051111 0.01950080320239067 57
1734414051112 0.01929295063018799 58
1734414051113 0.021016696467995644 59
1734414051114 0.02013518288731575 60
1734414051115 0.019268233329057693 61
