1734355662663 0.05729646235704422 0
1734355662664 0.016434431076049805 1
1734355662665 0.008582505397498608 2
1734355662666 0.007815664634108543 3
1734355662667 0.007751848548650742 4
1734355662668 0.0069480459205806255 5
1734355662670 0.006418856326490641 6
1734355662671 0.005665462929755449 7
1734355662672 0.0063235340639948845 8
1734355662673 0.005541869904845953 9
1734355662674 0.004926448222249746 10
1734355662675 0.005827629007399082 11
1734355662676 0.0047378866001963615 12
1734355662677 0.004695095121860504 13
1734355662678 0.004578716587275267 14
1734355662679 0.004228542093187571 15
1734355662681 0.004230498801916838 16
1734355662682 0.0043673040345311165 17
1734355662683 0.0037045131903141737 18
1734355662684 0.004128391854465008 19
1734355662685 0.0036845796275883913 20
1734355662686 0.003641366260126233 21
1734355662687 0.0039656381122767925 22
1734355662688 0.0034298154059797525 23
1734355662689 0.003519688965752721 24
1734355662690 0.0033160955645143986 25
1734355662691 0.003510193433612585 26
1734355662692 0.0032256681006401777 27
1734355662693 0.002967589069157839 28
1734355662694 0.0030435326043516397 29
1734355662695 0.002773692598566413 30
1734355662696 0.002584450878202915 31
1734355662697 0.002696146722882986 32
1734355662698 0.0033648323733359575 33
1734355662699 0.002260914072394371 34
1734355662700 0.0025319873820990324 35
1734355662701 0.002886560745537281 36
1734355662702 0.0025631075259298086 37
1734355662703 0.0026069250889122486 38
1734355662705 0.002606397494673729 39
1734355662706 0.0022854236885905266 40
1734355662707 0.0024889023043215275 41
1734355662708 0.0021289540454745293 42
1734355662709 0.0019960629288107157 43
1734355662710 0.0023166751489043236 44
1734355662711 0.0019859366584569216 45
1734355662712 0.002016582526266575 46
1734355662713 0.0019181312527507544 47
1734355662714 0.0023359053302556276 48
1734355662715 0.002339518629014492 49
1734355662716 0.002228590426966548 50
1734355662717 0.0030492546502500772 51
1734355662718 0.002102077938616276 52
1734355662719 0.0018858653493225574 53
1734355662720 0.0022275527007877827 54
1734355662721 0.001767231384292245 55
1734355662722 0.001956615597009659 56
1734355662723 0.00227843364700675 57
1734355662724 0.0016394129488617182 58
1734355662725 0.0017178154084831476 59
1734355662726 0.0016522929072380066 60
1734355662727 0.0016042060451582074 61
1734355662728 0.0018340795068070292 62
1734355662729 0.0018063352908939123 63
1734355662731 0.0017074160277843475 64
1734355662732 0.0015897360863164067 65
1734355662733 0.0014095116639509797 66
1734355662734 0.0014962861314415932 67
1734355662735 0.0015371546614915133 68
1734355662736 0.0016296198591589928 69
1734355662737 0.0017845629481598735 70
1734355662738 0.0017587662441655993 71
1734355662739 0.0015419239643961191 72
1734355662740 0.0015447522746399045 73
1734355662741 0.0014185236068442464 74
1734355662742 0.0012943192850798368 75
1734355662743 0.0016177508514374495 76
1734355662744 0.0012696662452071905 77
1734355662745 0.0012170379050076008 78
1734355662746 0.0015051239170134068 79
1734355662747 0.0013131557498127222 80
1734355662748 0.0015595084987580776 81
1734355662749 0.0012356479419395328 82
1734355662751 0.0012317112414166331 83
1734355662752 0.0011706684017553926 84
1734355662753 0.0012567152734845877 85
1734355662754 0.0010907594114542007 86
1734355662755 0.001471272436901927 87
1734355662756 0.0010686633177101612 88
1734355662757 0.0010511798318475485 89
1734355662758 0.0010333776008337736 90
1734355662759 0.0012886699987575412 91
1734355662760 0.0011086665326729417 92
1734355662761 0.0012171274283900857 93
1734355662762 0.0015611003618687391 94
1734355662763 0.0010527457343414426 95
1734355662764 0.0011517053935676813 96
1734355662765 0.0011019752128049731 97
1734355662766 0.0010379445739090443 98
1734355662767 0.0009447971824556589 99
