1734357257998 0.018047507852315903 0
1734357257999 0.0073201023042202 1
1734357258000 0.004996587056666613 2
1734357258001 0.006212231237441301 3
1734357258002 0.004719401244074106 4
1734357258003 0.004517407156527042 5
1734357258004 0.005064090248197317 6
1734357258005 0.005303389858454466 7
1734357258006 0.003999936860054731 8
1734357258007 0.003331013023853302 9
1734357258008 0.0033505333121865988 10
1734357258009 0.0030630992259830236 11
1734357258010 0.0035651782527565956 12
1734357258011 0.003143677022308111 13
1734357258012 0.0029911589808762074 14
1734357258013 0.0025428608059883118 15
1734357258014 0.0023824195377528667 16
1734357258015 0.0023260866291821003 17
1734357258016 0.002469944301992655 18
1734357258017 0.0021534410770982504 19
1734357258018 0.0022998061031103134 20
1734357258019 0.002117565833032131 21
1734357258020 0.0020111415069550276 22
1734357258021 0.001574814785271883 23
1734357258022 0.0018262299709022045 24
1734357258023 0.0014120693085715175 25
1734357258024 0.0014696517027914524 26
1734357258025 0.0016827676445245743 27
1734357258026 0.0013825232163071632 28
1734357258027 0.0016916748136281967 29
1734357258028 0.0014366739196702838 30
1734357258029 0.0013908948749303818 31
1734357258030 0.0012592157581821084 32
1734357258031 0.0013092741137370467 33
1734357258032 0.0013303322484716773 34
1734357258033 0.00167851522564888 35
1734357258034 0.001584585290402174 36
1734357258035 0.0012711778981611133 37
1734357258036 0.0018839212134480476 38
1734357258037 0.0013584657572209835 39
1734357258038 0.001231080386787653 40
1734357258039 0.0009887419873848557 41
1734357258040 0.0012272115563973784 42
1734357258041 0.0013608383014798164 43
1734357258042 0.0014148899354040623 44
1734357258043 0.0014915612991899252 45
1734357258044 0.0010996634373441339 46
1734357258045 0.0013465930242091417 47
1734357258046 0.0016578846843913198 48
