1734357258047 0.073369100689888 0
1734357258049 0.04623643308877945 1
1734357258050 0.03743545338511467 2
1734357258051 0.03906053677201271 3
1734357258052 0.03562122583389282 4
1734357258053 0.03440415486693382 5
1734357258054 0.03344302996993065 6
1734357258055 0.03417661786079407 7
1734357258056 0.030974408611655235 8
1734357258057 0.02811277285218239 9
1734357258058 0.0268151443451643 10
1734357258059 0.02685490809381008 11
1734357258060 0.026350393891334534 12
1734357258061 0.025576600804924965 13
1734357258062 0.0250084288418293 14
1734357258063 0.023222625255584717 15
1734357258064 0.022646209225058556 16
1734357258065 0.021902404725551605 17
1734357258066 0.022057462483644485 18
1734357258067 0.021418822929263115 19
1734357258068 0.020787373185157776 20
1734357258069 0.019770849496126175 21
1734357258070 0.01922604627907276 22
1734357258071 0.018685052171349525 23
1734357258072 0.019843876361846924 24
1734357258073 0.017138905823230743 25
1734357258074 0.018343746662139893 26
1734357258074 0.017421424388885498 27
1734357258075 0.017371799796819687 28
1734357258076 0.01753130368888378 29
1734357258077 0.016609767451882362 30
1734357258078 0.017506519332528114 31
1734357258079 0.01691785454750061 32
1734357258080 0.015899350866675377 33
1734357258081 0.01679428480565548 34
1734357258082 0.01694524846971035 35
1734357258083 0.017141934484243393 36
1734357258084 0.016444124281406403 37
1734357258085 0.016657067462801933 38
1734357258086 0.01601005718111992 39
1734357258087 0.01585189439356327 40
1734357258088 0.014289035461843014 41
1734357258089 0.01589839532971382 42
1734357258090 0.015863552689552307 43
1734357258091 0.01557234674692154 44
1734357258092 0.016480809077620506 45
1734357258093 0.014470472931861877 46
1734357258094 0.01607324555516243 47
1734357258095 0.016903651878237724 48
