1734352577177 0.04398271441459656 0
1734352577178 0.011456209234893322 1
1734352577179 0.007266561966389418 2
1734352577181 0.006190245505422354 3
1734352577182 0.005674037151038647 4
1734352577183 0.00596614507958293 5
1734352577184 0.005100515205413103 6
1734352577186 0.005206258501857519 7
1734352577187 0.00520523963496089 8
1734352577188 0.00549682741984725 9
1734352577189 0.005191140808165073 10
1734352577190 0.004830025602132082 11
1734352577191 0.004606424365192652 12
1734352577192 0.004573811776936054 13
1734352577193 0.004063220228999853 14
1734352577194 0.0038379994221031666 15
1734352577195 0.0038121931720525026 16
1734352577196 0.003775722812861204 17
1734352577197 0.004123210441321135 18
1734352577198 0.003258480690419674 19
1734352577199 0.0036527421325445175 20
1734352577200 0.0033501596190035343 21
1734352577201 0.003113463753834367 22
1734352577202 0.002708903281018138 23
1734352577203 0.0029277291614562273 24
1734352577204 0.003089348552748561 25
1734352577205 0.0024833634961396456 26
1734352577206 0.0029793886933475733 27
1734352577207 0.0024461494758725166 28
1734352577208 0.0023806949611753225 29
1734352577209 0.002435859991237521 30
1734352577210 0.002734259469434619 31
1734352577211 0.0026448394637554884 32
1734352577212 0.0025225018616765738 33
1734352577213 0.0027299136854708195 34
1734352577214 0.0021445988677442074 35
1734352577215 0.002202007919549942 36
1734352577216 0.001856505055911839 37
1734352577217 0.00197958922944963 38
1734352577218 0.0025100454222410917 39
1734352577219 0.002561455825343728 40
1734352577220 0.0019145958358421922 41
1734352577221 0.0017412187298759818 42
1734352577222 0.0018787248991429806 43
1734352577223 0.0017014858312904835 44
1734352577224 0.002288161078467965 45
1734352577225 0.001775551587343216 46
1734352577226 0.0017672210233286023 47
1734352577227 0.0018202197970822453 48
1734352577228 0.0020070646423846483 49
1734352577229 0.001709112897515297 50
1734352577230 0.001874331384897232 51
1734352577231 0.001888004713691771 52
1734352577232 0.0016798826400190592 53
1734352577233 0.001481793005950749 54
1734352577234 0.0014866633573547006 55
1734352577235 0.0017336992314085364 56
1734352577236 0.0014660046435892582 57
1734352577237 0.001483653555624187 58
1734352577238 0.001485177082940936 59
1734352577238 0.0015714025357738137 60
1734352577239 0.0012398345861583948 61
1734352577240 0.0013624762650579214 62
1734352577241 0.00168003945145756 63
1734352577242 0.0013847759691998363 64
1734352577243 0.0015875967219471931 65
1734352577244 0.0013789536897093058 66
1734352577245 0.0011881068348884583 67
1734352577246 0.0014590838691219687 68
1734352577247 0.0012519501615315676 69
1734352577248 0.0016770231304690242 70
1734352577249 0.0014967337483540177 71
1734352577250 0.0013122386299073696 72
1734352577251 0.0016379945445805788 73
1734352577252 0.0012243494857102633 74
1734352577253 0.001293920329771936 75
1734352577254 0.0011147763580083847 76
1734352577255 0.001326887751929462 77
1734352577256 0.0012940600281581283 78
1734352577257 0.0011385938851162791 79
1734352577258 0.0010106750996783376 80
1734352577259 0.0011423035757616162 81
1734352577260 0.0010375939309597015 82
1734352577261 0.00113815744407475 83
1734352577262 0.0011404457036405802 84
1734352577263 0.0012554536806419492 85
1734352577264 0.001064424985088408 86
1734352577265 0.0010488200932741165 87
1734352577266 0.0011096579255536199 88
1734352577267 0.0011323101352900267 89
1734352577268 0.000876411038916558 90
1734352577269 0.0009878947166725993 91
1734352577270 0.0009631289867684245 92
1734352577271 0.0009284039260819554 93
1734352577272 0.0009182447101920843 94
1734352577273 0.0009793642675504088 95
1734352577274 0.001089358702301979 96
1734352577275 0.000979687669314444 97
1734352577276 0.0010252764914184809 98
1734352577277 0.0009182981448248029 99
