1734407322405 0.002700997283682227 0
1734407322406 0.0016357655404135585 1
1734407322407 0.0012478880817070603 2
1734407322408 0.0011147173354402184 3
1734407322409 0.0009299058001488447 4
1734407322410 0.0008087153546512127 5
1734407322411 0.0007770147640258074 6
1734407322413 0.0006536422297358513 7
1734407322414 0.0006642923108302057 8
1734407322415 0.0006350595504045486 9
1734407322416 0.0006061008898541331 10
1734407322417 0.000537630810867995 11
1734407322418 0.0005286000086925924 12
1734407322419 0.0005558185512199998 13
