1734407322420 0.027951907366514206 0
1734407322421 0.021531084552407265 1
1734407322423 0.018215881660580635 2
1734407322424 0.015676451846957207 3
1734407322425 0.013727599754929543 4
1734407322426 0.013294043950736523 5
1734407322427 0.013095051981508732 6
1734407322428 0.01189364306628704 7
1734407322429 0.012279977090656757 8
1734407322430 0.01232790108770132 9
1734407322431 0.01216242928057909 10
1734407322432 0.011511544696986675 11
1734407322433 0.011576598510146141 12
1734407322434 0.012022123672068119 13
