1734413080708 0.030466750264167786 0
1734413080710 0.02243773266673088 1
1734413080711 0.016767099499702454 2
1734413080712 0.012608231976628304 3
1734413080713 0.009684458374977112 4
1734413080714 0.007549769710749388 5
1734413080716 0.005974088329821825 6
1734413080717 0.004763112403452396 7
1734413080718 0.0038491501472890377 8
1734413080719 0.0033867305610328913 9
1734413080720 0.00294221262447536 10
1734413080722 0.0026669406797736883 11
1734413080723 0.0022589436266571283 12
1734413080724 0.0020404248498380184 13
