1734413080725 0.03557340055704117 0
1734413080726 0.026774892583489418 1
1734413080727 0.02463809959590435 2
1734413080729 0.022724585607647896 3
1734413080730 0.02387509122490883 4
1734413080731 0.023583421483635902 5
1734413080732 0.023254791274666786 6
1734413080733 0.02239992842078209 7
1734413080734 0.02144329994916916 8
1734413080735 0.022436173632740974 9
1734413080737 0.022950856015086174 10
1734413080738 0.023197347298264503 11
1734413080739 0.02090115286409855 12
1734413080740 0.020613737404346466 13
