1734410244828 0.04426368698477745 0
1734410244829 0.02668878436088562 1
1734410244830 0.023710865527391434 2
1734410244831 0.023275919258594513 3
1734410244832 0.021962422877550125 4
1734410244833 0.021350260823965073 5
1734410244835 0.021651191636919975 6
1734410244836 0.02123717963695526 7
1734410244837 0.020844893530011177 8
1734410244838 0.01979854330420494 9
1734410244839 0.02059684693813324 10
1734410244840 0.020874012261629105 11
1734410244841 0.02041088417172432 12
1734410244842 0.017752723768353462 13
