1734410244809 0.003767435671761632 0
1734410244810 0.0017458584625273943 1
1734410244812 0.0014822467928752303 2
1734410244813 0.0013822150649502873 3
1734410244815 0.001336590969003737 4
1734410244816 0.0012087337672710419 5
1734410244817 0.0012758078519254923 6
1734410244819 0.0012567645171657205 7
1734410244820 0.001243714476004243 8
1734410244822 0.0011143733281642199 9
1734410244823 0.0011612463276833296 10
1734410244824 0.0012530987150967121 11
1734410244825 0.0011751119745895267 12
1734410244827 0.000936203810852021 13
