1734407825203 0.04445594176650047 0
1734407825205 0.03177913650870323 1
1734407825206 0.027978435158729553 2
1734407825207 0.02515585720539093 3
1734407825208 0.022360388189554214 4
1734407825209 0.02188323624432087 5
1734407825210 0.020448213443160057 6
1734407825211 0.020236419513821602 7
1734407825213 0.019149579107761383 8
1734407825214 0.01815696805715561 9
1734407825215 0.01871434785425663 10
1734407825216 0.017629174515604973 11
1734407825217 0.018367892131209373 12
1734407825218 0.017649604007601738 13
1734407825219 0.017659345641732216 14
1734407825220 0.01747441291809082 15
