1734407825185 0.005829378496855497 0
1734407825186 0.0030823887791484594 1
1734407825187 0.0022413963451981544 2
1734407825189 0.0019126974511891603 3
1734407825190 0.0016691040946170688 4
1734407825191 0.0016093999147415161 5
1734407825192 0.0014607245102524757 6
1734407825193 0.0014266245998442173 7
1734407825194 0.001303706201724708 8
1734407825195 0.0011738750617951155 9
1734407825196 0.001194882090203464 10
1734407825198 0.001098985900171101 11
1734407825199 0.0011327255051583052 12
1734407825200 0.001037886831909418 13
1734407825201 0.0010344021720811725 14
1734407825202 0.0010101012885570526 15
