1734356757832 0.05230335891246796 0
1734356757833 0.03836880624294281 1
1734356757834 0.035623397678136826 2
1734356757835 0.03447691351175308 3
1734356757836 0.03019281104207039 4
1734356757837 0.030749686062335968 5
1734356757838 0.027427636086940765 6
1734356757839 0.02788241021335125 7
1734356757840 0.026319380849599838 8
1734356757841 0.02516324631869793 9
1734356757842 0.025058208033442497 10
1734356757843 0.02356177195906639 11
1734356757844 0.023595111444592476 12
1734356757845 0.021927399560809135 13
1734356757846 0.02191282995045185 14
1734356757847 0.021469561383128166 15
1734356757848 0.02018558979034424 16
1734356757849 0.019636698067188263 17
1734356757850 0.019034020602703094 18
1734356757851 0.018757525831460953 19
1734356757852 0.017706651240587234 20
1734356757853 0.016979515552520752 21
1734356757854 0.017154794186353683 22
1734356757854 0.016918392851948738 23
1734356757855 0.017653053626418114 24
1734356757856 0.01599409617483616 25
1734356757857 0.018559081479907036 26
1734356757858 0.016396459192037582 27
1734356757859 0.016013437882065773 28
1734356757860 0.016014164313673973 29
1734356757861 0.014879107475280762 30
1734356757862 0.015112567692995071 31
1734356757863 0.015124303288757801 32
1734356757864 0.015223394148051739 33
1734356757865 0.015650324523448944 34
1734356757866 0.015265930444002151 35
1734356757867 0.014439580962061882 36
1734356757868 0.015684958547353745 37
1734356757869 0.014155945740640163 38
1734356757870 0.014417768456041813 39
1734356757871 0.01382356882095337 40
1734356757872 0.013523038476705551 41
1734356757873 0.014834828674793243 42
1734356757874 0.013578682206571102 43
1734356757875 0.013401065953075886 44
1734356757876 0.014147445559501648 45
1734356757877 0.013503704220056534 46
1734356757878 0.012933546677231789 47
1734356757879 0.012669156305491924 48
1734356757880 0.013811302371323109 49
1734356757881 0.012297130189836025 50
1734356757882 0.012914301827549934 51
1734356757883 0.012939568608999252 52
1734356757884 0.013186508789658546 53
1734356757885 0.013020707294344902 54
1734356757886 0.012742655351758003 55
1734356757887 0.012476466596126556 56
1734356757888 0.012875162065029144 57
1734356757889 0.012183746322989464 58
1734356757890 0.012170522473752499 59
1734356757891 0.012085948139429092 60
1734356757892 0.012205377221107483 61
1734356757893 0.012829713523387909 62
1734356757894 0.011982285417616367 63
1734356757895 0.012147619388997555 64
1734356757896 0.01225097756832838 65
1734356757897 0.011722828261554241 66
1734356757898 0.012028913013637066 67
1734356757899 0.012111152522265911 68
1734356757900 0.012333868071436882 69
1734356757901 0.011968477629125118 70
1734356757902 0.011797776445746422 71
1734356757903 0.012350876815617085 72
1734356757904 0.011065359227359295 73
1734356757905 0.012458918616175652 74
1734356757906 0.012028560973703861 75
1734356757907 0.01185558084398508 76
1734356757908 0.01170667726546526 77
1734356757909 0.011164374649524689 78
1734356757910 0.012020713649690151 79
1734356757911 0.012248476035892963 80
1734356757912 0.012096334248781204 81
1734356757913 0.011217165738344193 82
1734356757914 0.011524967849254608 83
1734356757915 0.011220342479646206 84
