1734356757746 0.009308375418186188 0
1734356757748 0.005571445450186729 1
1734356757749 0.005291080102324486 2
1734356757750 0.0049653733149170876 3
1734356757751 0.003906605765223503 4
1734356757752 0.003833596594631672 5
1734356757753 0.0032231989316642284 6
1734356757754 0.0036115364637225866 7
1734356757755 0.00314339785836637 8
1734356757756 0.0029383066575974226 9
1734356757757 0.002819886663928628 10
1734356757758 0.0025255053769797087 11
1734356757759 0.0026581198908388615 12
1734356757760 0.002279226668179035 13
1734356757761 0.0023362222127616405 14
1734356757762 0.002206620993092656 15
1734356757763 0.0020390404388308525 16
1734356757764 0.0018772876355797052 17
1734356757765 0.0017191824736073613 18
1734356757766 0.0018907650373876095 19
1734356757767 0.001597030321136117 20
1734356757768 0.0014603426679968834 21
1734356757769 0.0015246812254190445 22
1734356757770 0.0016240400727838278 23
1734356757771 0.001523850834928453 24
1734356757772 0.0012835933594033122 25
1734356757773 0.0018132999539375305 26
1734356757774 0.0014197439886629581 27
1734356757775 0.0014041471295058727 28
1734356757776 0.0013413457199931145 29
1734356757777 0.0011157423723489046 30
1734356757778 0.0011425587581470609 31
1734356757779 0.0011787560069933534 32
1734356757780 0.0011240218300372362 33
1734356757781 0.0011920102406293154 34
1734356757782 0.0011680738534778357 35
1734356757783 0.0011269208043813705 36
1734356757784 0.0016295413952320814 37
1734356757785 0.0009298779186792672 38
1734356757786 0.0013259341940283775 39
1734356757787 0.000991437933407724 40
1734356757788 0.0009324582060799003 41
1734356757789 0.0012259414652362466 42
1734356757790 0.0010151835158467293 43
1734356757791 0.0008911926415748894 44
1734356757792 0.001000683754682541 45
1734356757793 0.0009189338306896389 46
1734356757794 0.0008705700165592134 47
1734356757795 0.0008578510605730116 48
1734356757796 0.0010944606037810445 49
1734356757796 0.0007534347241744399 50
1734356757798 0.0008272113627754152 51
1734356757799 0.0008294560248032212 52
1734356757800 0.0009752726182341576 53
1734356757801 0.0008467470179311931 54
1734356757802 0.0007974976906552911 55
1734356757803 0.0007548166904598475 56
1734356757804 0.0009471989469602704 57
1734356757804 0.0007446212694048882 58
1734356757805 0.0007728703203611076 59
1734356757806 0.000744143791962415 60
1734356757807 0.0007993890321813524 61
1734356757809 0.0007590563036501408 62
1734356757810 0.0007140972884371877 63
1734356757811 0.0006672177114523947 64
1734356757811 0.0007329209474846721 65
1734356757812 0.0007541701197624207 66
1734356757813 0.0006874245009385049 67
1734356757814 0.0007649724138900638 68
1734356757815 0.0007266087923198938 69
1734356757816 0.0006633226294070482 70
1734356757817 0.0007245925371535122 71
1734356757818 0.0007487792172469199 72
1734356757819 0.0005943590658716857 73
1734356757820 0.0007854735595174134 74
1734356757822 0.0007658106624148786 75
1734356757823 0.0007066609687171876 76
1734356757824 0.0006587886018678546 77
1734356757825 0.000655529263895005 78
1734356757826 0.000658871082123369 79
1734356757827 0.0012345673749223351 80
1734356757828 0.0006584618240594864 81
1734356757829 0.0006397021934390068 82
1734356757830 0.0006216731271706522 83
1734356757831 0.00060257752193138 84
