1734407914067 0.008100687526166439 0
1734407914068 0.0058777183294296265 1
1734407914069 0.004282104317098856 2
1734407914070 0.003208009758964181 3
1734407914072 0.0025268702302128077 4
1734407914073 0.002277383580803871 5
1734407914074 0.0019753503147512674 6
1734407914076 0.0019223669078201056 7
1734407914077 0.0017835126491263509 8
1734407914079 0.0016802545869722962 9
1734407914080 0.0016315230168402195 10
1734407914082 0.0015615213196724653 11
1734407914083 0.001458102953620255 12
1734407914084 0.001374267740175128 13
1734407914086 0.0013451799750328064 14
1734407914087 0.0013914459850639105 15
1734407914088 0.001375318504869938 16
1734407914089 0.0013237935490906239 17
1734407914091 0.0011941940756514668 18
1734407914092 0.0011591933434829116 19
