1734407914093 0.05655637010931969 0
1734407914094 0.04571152850985527 1
1734407914095 0.03806375712156296 2
1734407914097 0.033458806574344635 3
1734407914098 0.030895737931132317 4
1734407914099 0.029483698308467865 5
1734407914100 0.027031728997826576 6
1734407914101 0.025868846103549004 7
1734407914102 0.02434598281979561 8
1734407914104 0.02321949601173401 9
1734407914105 0.022772250697016716 10
1734407914106 0.022021424025297165 11
1734407914107 0.021058302372694016 12
1734407914108 0.020002245903015137 13
1734407914109 0.01979856938123703 14
1734407914111 0.020334392786026 15
1734407914112 0.01999666541814804 16
1734407914113 0.01968310959637165 17
1734407914114 0.018909309059381485 18
1734407914115 0.018383879214525223 19
