1734403265091 0.015486816875636578 0
1734403265092 0.008845756761729717 1
1734403265093 0.006579031702131033 2
1734403265094 0.004944535903632641 3
1734403265095 0.0038538300432264805 4
1734403265096 0.0031127710826694965 5
1734403265097 0.002500161761417985 6
1734403265098 0.0021013966761529446 7
1734403265099 0.0017817706102505326 8
1734403265100 0.0015266541158780456 9
1734403265102 0.0012909621000289917 10
1734403265103 0.0011308003449812531 11
1734403265105 0.0011096945963799953 12
1734403265106 0.0009702549432404339 13
1734403265107 0.0009274577023461461 14
1734403265108 0.0009037957643158734 15
1734403265109 0.0008133306400850415 16
1734403265111 0.0008083307184278965 17
