1734403265112 0.058356404304504395 0
1734403265113 0.03550839424133301 1
1734403265114 0.02917364425957203 2
1734403265115 0.02422737516462803 3
1734403265116 0.021808110177516937 4
1734403265117 0.02062467485666275 5
1734403265118 0.01936057209968567 6
1734403265119 0.01895744912326336 7
1734403265121 0.018430626019835472 8
1734403265122 0.017915522679686546 9
1734403265123 0.017321521416306496 10
1734403265124 0.01673356629908085 11
1734403265125 0.016986515372991562 12
1734403265126 0.015947895124554634 13
1734403265127 0.016508616507053375 14
1734403265128 0.01622075028717518 15
1734403265129 0.01566368341445923 16
1734403265130 0.01592971570789814 17
