1734414773468 0.04672924429178238 0
1734414773470 0.03965163230895996 1
1734414773471 0.03547794371843338 2
1734414773472 0.030882518738508224 3
1734414773473 0.027207577601075172 4
1734414773474 0.02577308751642704 5
1734414773475 0.024614738300442696 6
1734414773476 0.023825563490390778 7
1734414773477 0.023867473006248474 8
1734414773478 0.02275719866156578 9
1734414773480 0.02227945066988468 10
1734414773481 0.02312229387462139 11
1734414773482 0.02142706699669361 12
1734414773483 0.02246258035302162 13
1734414773484 0.021204520016908646 14
1734414773485 0.020400842651724815 15
1734414773486 0.02140858769416809 16
1734414773487 0.021524203941226006 17
1734414773488 0.02232116088271141 18
1734414773490 0.021367458626627922 19
1734414773491 0.020111093297600746 20
1734414773492 0.021688181906938553 21
1734414773493 0.021136635914444923 22
1734414773494 0.020584838464856148 23
1734414773495 0.02005823515355587 24
1734414773496 0.020549433305859566 25
1734414773497 0.020802846178412437 26
1734414773498 0.01912139542400837 27
1734414773500 0.020060239359736443 28
1734414773501 0.021134816110134125 29
1734414773502 0.02071920409798622 30
1734414773503 0.020148083567619324 31
1734414773504 0.02136213891208172 32
1734414773505 0.019206533208489418 33
1734414773507 0.02009694091975689 34
1734414773508 0.020631004124879837 35
1734414773509 0.02057306468486786 36
1734414773510 0.01920447126030922 37
1734414773511 0.01992897130548954 38
1734414773512 0.01873939484357834 39
1734414773513 0.020308561623096466 40
1734414773515 0.020263630896806717 41
1734414773516 0.020575039088726044 42
1734414773517 0.020558809861540794 43
1734414773518 0.019400520250201225 44
1734414773519 0.018370086327195168 45
1734414773520 0.020509954541921616 46
1734414773521 0.02000637724995613 47
1734414773523 0.01913737878203392 48
1734414773524 0.019420208409428596 49
1734414773525 0.01895885169506073 50
1734414773526 0.019473053514957428 51
1734414773527 0.019799550995230675 52
1734414773528 0.019863620400428772 53
1734414773529 0.018928326666355133 54
1734414773531 0.018409794196486473 55
1734414773532 0.02031351439654827 56
1734414773533 0.019620412960648537 57
1734414773534 0.019172227010130882 58
1734414773535 0.019498802721500397 59
1734414773536 0.019485486671328545 60
1734414773537 0.01941884495317936 61
1734414773538 0.019328948110342026 62
1734414773540 0.019595902413129807 63
1734414773541 0.021161412820219994 64
1734414773542 0.01972171477973461 65
1734414773543 0.01770154945552349 66
1734414773544 0.019710488617420197 67
1734414773545 0.02027459256350994 68
