1734414773388 0.01996530406177044 0
1734414773389 0.01713796891272068 1
1734414773391 0.015249610878527164 2
1734414773392 0.013560889288783073 3
1734414773394 0.012256655842065811 4
1734414773396 0.011139125563204288 5
1734414773398 0.010172456502914429 6
1734414773399 0.009315460920333862 7
1734414773400 0.008563426323235035 8
1734414773401 0.007744122296571732 9
1734414773403 0.007142262998968363 10
1734414773404 0.006638149730861187 11
1734414773405 0.00601314939558506 12
1734414773406 0.005672527011483908 13
1734414773407 0.005064853001385927 14
1734414773408 0.004686583299189806 15
1734414773409 0.00435648113489151 16
1734414773410 0.004117355216294527 17
1734414773412 0.0038953665643930435 18
1734414773413 0.0035647847689688206 19
1734414773414 0.003219020552933216 20
1734414773415 0.0031349887140095234 21
1734414773416 0.0029323475901037455 22
1734414773417 0.0027279392816126347 23
1734414773418 0.002524629235267639 24
1734414773419 0.002493218518793583 25
1734414773421 0.0024151026736944914 26
1734414773422 0.0021409844048321247 27
1734414773423 0.002107456559315324 28
1734414773424 0.0021169078536331654 29
1734414773425 0.0020502787083387375 30
1734414773426 0.0019283832516521215 31
1734414773427 0.0019727337639778852 32
1734414773428 0.00171683169901371 33
1734414773429 0.0017903281841427088 34
1734414773431 0.0017401000950485468 35
1734414773432 0.0017615009564906359 36
1734414773433 0.0015916903503239155 37
1734414773434 0.0016669537872076035 38
1734414773435 0.0014792163856327534 39
1734414773436 0.0015857572434470057 40
1734414773437 0.0015756028005853295 41
1734414773438 0.0015710630686953664 42
1734414773439 0.0014679039595648646 43
1734414773440 0.0013949860585853457 44
1734414773442 0.0013463131617754698 45
1734414773443 0.0014646978816017509 46
1734414773444 0.0014396003680303693 47
1734414773445 0.001356145367026329 48
1734414773446 0.0013573083560913801 49
1734414773447 0.0012865905882790685 50
1734414773448 0.0013401246396824718 51
1734414773449 0.001347998040728271 52
1734414773451 0.0013338042190298438 53
1734414773452 0.001201728591695428 54
1734414773453 0.0011849772417917848 55
1734414773454 0.0013259202241897583 56
1734414773455 0.0012505060294643044 57
1734414773456 0.0012661191867664456 58
1734414773457 0.0012580502079799771 59
1734414773458 0.001284639467485249 60
1734414773459 0.0012211711145937443 61
1734414773461 0.0011847835266962647 62
1734414773462 0.0012443348532542586 63
1734414773463 0.0013393211411312222 64
1734414773464 0.0011964412406086922 65
1734414773465 0.0010341870365664363 66
1734414773466 0.0012189748231321573 67
1734414773467 0.00124058045912534 68
