1734411278429 0.006368428468704224 0
1734411278430 0.003412817372009158 1
1734411278432 0.0028829420916736126 2
1734411278433 0.0023330419789999723 3
1734411278434 0.001860675634816289 4
1734411278436 0.0016729828203096986 5
1734411278438 0.0015081613091751933 6
1734411278439 0.0015481128357350826 7
1734411278440 0.0014200659934431314 8
1734411278442 0.0015014196978881955 9
1734411278443 0.001428841846063733 10
1734411278444 0.001331852050498128 11
1734411278445 0.001272838213481009 12
1734411278446 0.001304740086197853 13
1734411278447 0.0013151427265256643 14
1734411278448 0.0012618228793144226 15
1734411278450 0.0013887127861380577 16
1734411278451 0.001216552802361548 17
1734411278453 0.0011169107165187597 18
1734411278454 0.0011729201069101691 19
