1734411278455 0.055594317615032196 0
1734411278456 0.042054254561662674 1
1734411278457 0.038964465260505676 2
1734411278458 0.034078601747751236 3
1734411278460 0.028266990557312965 4
1734411278461 0.026333501562476158 5
1734411278462 0.023724162951111794 6
1734411278463 0.024235332384705544 7
1734411278464 0.02299799770116806 8
1734411278465 0.024075422435998917 9
1734411278466 0.02346544712781906 10
1734411278468 0.022283267229795456 11
1734411278469 0.021682342514395714 12
1734411278470 0.02167614735662937 13
1734411278471 0.021934328600764275 14
1734411278472 0.021474430337548256 15
1734411278473 0.022018039599061012 16
1734411278474 0.021294862031936646 17
1734411278475 0.020031196996569633 18
1734411278477 0.020366158336400986 19
