1734411822391 0.046591345220804214 0
1734411822392 0.036161407828330994 1
1734411822393 0.028811106458306313 2
1734411822394 0.02678677625954151 3
1734411822395 0.025713320821523666 4
1734411822396 0.024468686431646347 5
1734411822398 0.02462597005069256 6
1734411822399 0.02423139102756977 7
1734411822400 0.02423553168773651 8
1734411822401 0.023948390036821365 9
1734411822402 0.023821387439966202 10
1734411822403 0.02290140464901924 11
1734411822404 0.023927761241793633 12
1734411822405 0.022002529352903366 13
1734411822406 0.02247309312224388 14
1734411822408 0.023072609677910805 15
1734411822409 0.02374419942498207 16
1734411822410 0.023119544610381126 17
1734411822411 0.022300073876976967 18
1734411822412 0.022564174607396126 19
