1734411822368 0.018869673833251 0
1734411822369 0.014563171193003654 1
1734411822370 0.011735497042536736 2
1734411822372 0.009762858040630817 3
1734411822373 0.008256426081061363 4
1734411822374 0.006938998121768236 5
1734411822375 0.006005346309393644 6
1734411822376 0.005186217371374369 7
1734411822377 0.004572962410748005 8
1734411822378 0.004056305158883333 9
1734411822380 0.003652346320450306 10
1734411822381 0.003232821822166443 11
1734411822382 0.003073805943131447 12
1734411822383 0.0026551440823823214 13
1734411822384 0.0024943738244473934 14
1734411822385 0.0024886098690330982 15
1734411822386 0.0023420776706188917 16
1734411822387 0.0022038985043764114 17
1734411822389 0.002070993185043335 18
1734411822390 0.0020064155105501413 19
