1734410593933 0.0039274380542337894 0
1734410593935 0.0022059495095163584 1
1734410593936 0.0016079763881862164 2
1734410593937 0.0013696845853701234 3
1734410593938 0.0013274118537083268 4
1734410593939 0.0011355243623256683 5
1734410593941 0.0011973032960668206 6
1734410593942 0.001168169779703021 7
1734410593943 0.0011819277424365282 8
1734410593944 0.0010217453818768263 9
1734410593945 0.0010660761035978794 10
1734410593946 0.0010234422516077757 11
1734410593947 0.000972134293988347 12
1734410593949 0.001133135985583067 13
1734410593950 0.0010351850651204586 14
1734410593951 0.0010391228133812547 15
1734410593952 0.0011196875711902976 16
1734410593953 0.0010235897498205304 17
1734410593954 0.0009304503328166902 18
1734410593955 0.0009217423503287137 19
