1734410593957 0.04343213140964508 0
1734410593958 0.03208469599485397 1
1734410593959 0.02527640014886856 2
1734410593960 0.02250049076974392 3
1734410593962 0.022288905456662178 4
1734410593963 0.02025342732667923 5
1734410593964 0.019945409148931503 6
1734410593965 0.02022881619632244 7
1734410593966 0.020699355751276016 8
1734410593967 0.01870773360133171 9
1734410593968 0.018896179273724556 10
1734410593970 0.018925361335277557 11
1734410593971 0.01801508478820324 12
1734410593972 0.019642578437924385 13
1734410593973 0.01898910664021969 14
1734410593974 0.01879039593040943 15
1734410593975 0.019439123570919037 16
1734410593976 0.018689176067709923 17
1734410593978 0.017499931156635284 18
1734410593979 0.017633507028222084 19
